000000000000
001010011001
010001001110
010010010000
001101011110
000101000011
111100100010
110111100000
111000001101
111110101101
001000110111
010011001000
011001111011
011010111100
010110000011
001101011000
000100011100
111110110101
111110110111
000100101111
001110010110
011000001100
011110101011
011111011010
011010001100
010001000011
000111011110
000001000110
000000010100
000101011000
001110010011
010111101000
011101101100
011110000101
011000011110
001110110110
000100101001
111101100010
111011111101
000000010011
001000101000
010001100000
010111010010
010111011110
010001101010
000111101111
111101001000
110101011111
110011011000
110111001111
111111001110
000111111100
001101101111
001110000010
001000010101
111110011101
110011110001
101011111110
101001101010
101101011000
110101011000
111110010100
000100011110
000101001110
000000000000
110110100001
101100000111
100100011111
100010010101
100110001111
101110100100
110111111111
111110110011
000000010010
111011110100
110010111110
101001000101
100001110111
100000000010
100100010100
101101000111
110111001010
111110101110
000001000011
111101011000
110101010000
101011111011
100101000110
100011100110
101000001100
110001011010
111011111111
000100001101
000111010000
000100010000
111100101011
110011101101
101101000110
101011101100
110000011000
111001101111
000100100110
001101001011
010000101000
001110000000
000110101001
111101101111
110111000000
110101010111
111001110010
000010111100
001101101100
010110010010
011001110010
010111001010
001111101101
000110011111
111111010011
111101000101
000000111001
001001100000
010011110101
011100001000
011111011000
011100011111
010100101001
001010111010
000011000001
000000000000
000011000001
001010111010
010100101001
011100011111
011111011000
011100001000
010011110101
001001100000
000000111001
111101000101
111111010011
000110011111
001111101101
010111001010
011001110010
010110010010
001101101100
000010111100
111001110010
110101010111
110111000000
111101101111
000110101001
001110000000
010000101000
001101001011
000100100110
111001101111
110000011000
101011101100
101101000110
110011101101
111100101011
000100010000
000111010000
000100001101
111011111111
110001011010
101000001100
100011100110
100101000110
101011111011
110101010000
111101011000
000001000011
111110101110
110111001010
101101000111
100100010100
100000000010
100001110111
101001000101
110010111110
111011110100
000000010010
111110110011
110111111111
101110100100
100110001111
100010010101
100100011111
101100000111
110110100001
000000000000
000101001110
000100011110
111110010100
110101011000
101101011000
101001101010
101011111110
110011110001
111110011101
001000010101
001110000010
001101101111
000111111100
111111001110
110111001111
110011011000
110101011111
111101001000
000111101111
010001101010
010111011110
010111010010
010001100000
001000101000
000000010011
111011111101
111101100010
000100101001
001110110110
011000011110
011110000101
011101101100
010111101000
001110010011
000101011000
000000010100
000001000110
000111011110
010001000011
011010001100
011111011010
011110101011
011000001100
001110010110
000100101111
111110110111
111110110101
000100011100
001101011000
010110000011
011010111100
011001111011
010011001000
001000110111
111110101101
111000001101
110111100000
111100100010
000101000011
001101011110
010010010000
010001001110
001010011001
000000000000
110101100111
101110110010
101101110000
110010100010
111010111101
000011011110
001000100000
000111110011
000001010011
110111001001
101100111000
100110000101
100101000100
101001111101
110010101000
111011100100
000001001011
000001001001
111011010001
110001101010
100111110100
100001010101
100000100110
100101110100
101110111101
111000100010
111110111010
111111101100
111010101000
110001101101
101000011000
100010010100
100001111011
100111100010
110001001010
111011010111
000010011110
000100000011
111111101101
110111011000
101110100000
101000101110
101000100010
101110010110
111000010001
000010111000
001010100001
001100101000
001000110001
000000110010
111000000100
110010010001
110001111110
110111101011
000001100011
001100001111
010100000010
010110010110
010010101000
001010101000
000001101100
111011100010
111010110010
000000000000
001001011111
010011111001
011011100001
011101101011
011001110001
010001011100
001000000001
000001001101
111111101110
000100001100
001101000010
010110111011
011110001001
011111111110
011011101100
010010111001
001000110110
000001010010
111110111101
000010101000
001010110000
010100000101
011010111010
011100011010
010111110100
001110100110
000100000001
111011110011
111000110000
111011110000
000011010101
001100010011
010010111010
010100010100
001111101000
000110010001
111011011010
110010110101
101111011000
110010000000
111001010111
000010010001
001001000000
001010101001
000110001110
111101000100
110010010100
101001101110
100110001110
101000110110
110000010011
111001100001
000000101101
000010111011
111111000111
110110100000
101100001011
100011111000
100000101000
100011100001
101011010111
110101000110
111100111111
000000000000
111100111111
110101000110
101011010111
100011100001
100000101000
100011111000
101100001011
110110100000
111111000111
000010111011
000000101101
111001100001
110000010011
101000110110
100110001110
101001101110
110010010100
111101000100
000110001110
001010101001
001001000000
000010010001
111001010111
110010000000
101111011000
110010110101
111011011010
000110010001
001111101000
010100010100
010010111010
001100010011
000011010101
111011110000
111000110000
111011110011
000100000001
001110100110
010111110100
011100011010
011010111010
010100000101
001010110000
000010101000
111110111101
000001010010
001000110110
010010111001
011011101100
011111111110
011110001001
010110111011
001101000010
000100001100
111111101110
000001001101
001000000001
010001011100
011001110001
011101101011
011011100001
010011111001
001001011111
000000000000
111010110010
111011100010
000001101100
001010101000
010010101000
010110010110
010100000010
001100001111
000001100011
110111101011
110001111110
110010010001
111000000100
000000110010
001000110001
001100101000
001010100001
000010111000
111000010001
101110010110
101000100010
101000101110
101110100000
110111011000
111111101101
000100000011
000010011110
111011010111
110001001010
100111100010
100001111011
100010010100
101000011000
110001101101
111010101000
111111101100
111110111010
111000100010
101110111101
100101110100
100000100110
100001010101
100111110100
110001101010
111011010001
000001001001
000001001011
111011100100
110010101000
101001111101
100101000100
100110000101
101100111000
110111001001
000001010011
000111110011
001000100000
000011011110
111010111101
110010100010
101101110000
101110110010
110101100111
000000000000
001010011001
010001001110
010010010000
001101011110
000101000011
111100100010
110111100000
111000001101
111110101101
001000110111
010011001000
011001111011
011010111100
010110000011
001101011000
000100011100
111110110101
111110110111
000100101111
001110010110
011000001100
011110101011
011111011010
011010001100
010001000011
000111011110
000001000110
000000010100
000101011000
001110010011
010111101000
011101101100
011110000101
011000011110
001110110110
000100101001
111101100010
111011111101
000000010011
001000101000
010001100000
010111010010
010111011110
010001101010
000111101111
111101001000
110101011111
110011011000
110111001111
111111001110
000111111100
001101101111
001110000010
001000010101
111110011101
110011110001
101011111110
101001101010
101101011000
110101011000
111110010100
000100011110
000101001110
000000000000
110110100001
101100000111
100100011111
100010010101
100110001111
101110100100
110111111111
111110110011
000000010010
111011110100
110010111110
101001000101
100001110111
100000000010
100100010100
101101000111
110111001010
111110101110
000001000011
111101011000
110101010000
101011111011
100101000110
100011100110
101000001100
110001011010
111011111111
000100001101
000111010000
000100010000
111100101011
110011101101
101101000110
101011101100
110000011000
111001101111
000100100110
001101001011
010000101000
001110000000
000110101001
111101101111
110111000000
110101010111
111001110010
000010111100
001101101100
010110010010
011001110010
010111001010
001111101101
000110011111
111111010011
111101000101
000000111001
001001100000
010011110101
011100001000
011111011000
011100011111
010100101001
001010111010
000011000001
000000000000
000011000001
001010111010
010100101001
011100011111
011111011000
011100001000
010011110101
001001100000
000000111001
111101000101
111111010011
000110011111
001111101101
010111001010
011001110010
010110010010
001101101100
000010111100
111001110010
110101010111
110111000000
111101101111
000110101001
001110000000
010000101000
001101001011
000100100110
111001101111
110000011000
101011101100
101101000110
110011101101
111100101011
000100010000
000111010000
000100001101
111011111111
110001011010
101000001100
100011100110
100101000110
101011111011
110101010000
111101011000
000001000011
111110101110
110111001010
101101000111
100100010100
100000000010
100001110111
101001000101
110010111110
111011110100
000000010010
111110110011
110111111111
101110100100
100110001111
100010010101
100100011111
101100000111
110110100001
000000000000
000101001110
000100011110
111110010100
110101011000
101101011000
101001101010
101011111110
110011110001
111110011101
001000010101
001110000010
001101101111
000111111100
111111001110
110111001111
110011011000
110101011111
111101001000
000111101111
010001101010
010111011110
010111010010
010001100000
001000101000
000000010011
111011111101
111101100010
000100101001
001110110110
011000011110
011110000101
011101101100
010111101000
001110010011
000101011000
000000010100
000001000110
000111011110
010001000011
011010001100
011111011010
011110101011
011000001100
001110010110
000100101111
111110110111
111110110101
000100011100
001101011000
010110000011
011010111100
011001111011
010011001000
001000110111
111110101101
111000001101
110111100000
111100100010
000101000011
001101011110
010010010000
010001001110
001010011001
000000000000
110101100111
101110110010
101101110000
110010100010
111010111101
000011011110
001000100000
000111110011
000001010011
110111001001
101100111000
100110000101
100101000100
101001111101
110010101000
111011100100
000001001011
000001001001
111011010001
110001101010
100111110100
100001010101
100000100110
100101110100
101110111101
111000100010
111110111010
111111101100
111010101000
110001101101
101000011000
100010010100
100001111011
100111100010
110001001010
111011010111
000010011110
000100000011
111111101101
110111011000
101110100000
101000101110
101000100010
101110010110
111000010001
000010111000
001010100001
001100101000
001000110001
000000110010
111000000100
110010010001
110001111110
110111101011
000001100011
001100001111
010100000010
010110010110
010010101000
001010101000
000001101100
111011100010
111010110010
000000000000
001001011111
010011111001
011011100001
011101101011
011001110001
010001011100
001000000001
000001001101
111111101110
000100001100
001101000010
010110111011
011110001001
011111111110
011011101100
010010111001
001000110110
000001010010
111110111101
000010101000
001010110000
010100000101
011010111010
011100011010
010111110100
001110100110
000100000001
111011110011
111000110000
111011110000
000011010101
001100010011
010010111010
010100010100
001111101000
000110010001
111011011010
110010110101
101111011000
110010000000
111001010111
000010010001
001001000000
001010101001
000110001110
111101000100
110010010100
101001101110
100110001110
101000110110
110000010011
111001100001
000000101101
000010111011
111111000111
110110100000
101100001011
100011111000
100000101000
100011100001
101011010111
110101000110
111100111111
000000000000
111100111111
110101000110
101011010111
100011100001
100000101000
100011111000
101100001011
110110100000
111111000111
000010111011
000000101101
111001100001
110000010011
101000110110
100110001110
101001101110
110010010100
111101000100
000110001110
001010101001
001001000000
000010010001
111001010111
110010000000
101111011000
110010110101
111011011010
000110010001
001111101000
010100010100
010010111010
001100010011
000011010101
111011110000
111000110000
111011110011
000100000001
001110100110
010111110100
011100011010
011010111010
010100000101
001010110000
000010101000
111110111101
000001010010
001000110110
010010111001
011011101100
011111111110
011110001001
010110111011
001101000010
000100001100
111111101110
000001001101
001000000001
010001011100
011001110001
011101101011
011011100001
010011111001
001001011111
000000000000
111010110010
111011100010
000001101100
001010101000
010010101000
010110010110
010100000010
001100001111
000001100011
110111101011
110001111110
110010010001
111000000100
000000110010
001000110001
001100101000
001010100001
000010111000
111000010001
101110010110
101000100010
101000101110
101110100000
110111011000
111111101101
000100000011
000010011110
111011010111
110001001010
100111100010
100001111011
100010010100
101000011000
110001101101
111010101000
111111101100
111110111010
111000100010
101110111101
